2,1,8
3,1,-10
3,2,50
4,1,-1
4,2,0
4,3,7
5,1,8
5,2,6
5,3,5
5,4,8
6,1,50
6,2,-5
6,3,5
6,4,-1
6,5,6
7,1,-1
7,2,-4
7,3,4
7,4,-10
7,5,50
7,6,50
8,1,1
8,2,4
8,3,-5
8,4,-6
8,5,8
8,6,5
8,7,-2
9,1,-7
9,2,-2
9,3,7
9,4,-9
9,5,10
9,6,9
9,7,1
9,8,0
10,1,50
10,2,7
10,3,-3
10,4,-3
10,5,4
10,6,50
10,7,6
10,8,5
10,9,3
11,1,9
11,2,-7
11,3,6
11,4,8
11,5,-6
11,6,10
11,7,-3
11,8,50
11,9,5
11,10,-7
12,1,-7
12,2,-5
12,3,0
12,4,-7
12,5,50
12,6,4
12,7,-10
12,8,1
12,9,-9
12,10,9
12,11,-3
13,1,-9
13,2,-4
13,3,5
13,4,-8
13,5,-5
13,6,6
13,7,7
13,8,-1
13,9,10
13,10,-1
13,11,1
13,12,5
14,1,7
14,2,-6
14,3,-1
14,4,9
14,5,5
14,6,5
14,7,4
14,8,50
14,9,-9
14,10,9
14,11,50
14,12,50
14,13,2
15,1,6
15,2,3
15,3,6
15,4,-1
15,5,-9
15,6,-4
15,7,-1
15,8,-7
15,9,2
15,10,-5
15,11,8
15,12,4
15,13,50
15,14,-9
16,1,5
16,2,-4
16,3,-1
16,4,4
16,5,-1
16,6,8
16,7,50
16,8,-10
16,9,10
16,10,9
16,11,9
16,12,1
16,13,50
16,14,-1
16,15,10
17,1,-1
17,2,-5
17,3,5
17,4,50
17,5,1
17,6,4
17,7,1
17,8,6
17,9,-2
17,10,-8
17,11,0
17,12,-2
17,13,3
17,14,3
17,15,5
17,16,3
18,1,3
18,2,2
18,3,-4
18,4,0
18,5,-9
18,6,5
18,7,50
18,8,-9
18,9,8
18,10,1
18,11,6
18,12,-7
18,13,-7
18,14,3
18,15,2
18,16,2
18,17,3
19,1,8
19,2,-9
19,3,3
19,4,2
19,5,-5
19,6,-2
19,7,-10
19,8,4
19,9,-1
19,10,-7
19,11,4
19,12,-3
19,13,4
19,14,9
19,15,5
19,16,6
19,17,10
19,18,8
20,1,-5
20,2,0
20,3,0
20,4,-3
20,5,-3
20,6,-3
20,7,-2
20,8,8
20,9,-3
20,10,50
20,11,10
20,12,-1
20,13,8
20,14,-3
20,15,-1
20,16,1
20,17,-5
20,18,-4
20,19,4
21,1,1
21,2,5
21,3,1
21,4,50
21,5,-2
21,6,-1
21,7,6
21,8,-3
21,9,-1
21,10,50
21,11,2
21,12,1
21,13,4
21,14,-2
21,15,10
21,16,1
21,17,3
21,18,50
21,19,-6
21,20,-8
22,1,5
22,2,-8
22,3,2
22,4,-1
22,5,-1
22,6,2
22,7,-6
22,8,2
22,9,-4
22,10,-6
22,11,5
22,12,7
22,13,-6
22,14,0
22,15,-1
22,16,50
22,17,50
22,18,6
22,19,50
22,20,0
22,21,6
23,1,-6
23,2,3
23,3,2
23,4,-7
23,5,-2
23,6,6
23,7,-4
23,8,-4
23,9,8
23,10,-3
23,11,-10
23,12,7
23,13,-9
23,14,50
23,15,-5
23,16,-9
23,17,7
23,18,-5
23,19,10
23,20,4
23,21,-9
23,22,6
24,1,50
24,2,-6
24,3,7
24,4,-9
24,5,50
24,6,-9
24,7,2
24,8,4
24,9,10
24,10,1
24,11,6
24,12,-7
24,13,-2
24,14,3
24,15,-4
24,16,8
24,17,50
24,18,3
24,19,-7
24,20,10
24,21,-5
24,22,-9
24,23,3
25,1,4
25,2,0
25,3,-2
25,4,-3
25,5,-10
25,6,9
25,7,6
25,8,1
25,9,50
25,10,50
25,11,-8
25,12,-10
25,13,50
25,14,50
25,15,-5
25,16,50
25,17,0
25,18,-8
25,19,-1
25,20,4
25,21,-4
25,22,-10
25,23,50
25,24,-1
26,1,-9
26,2,-5
26,3,5
26,4,-1
26,5,50
26,6,3
26,7,-4
26,8,-2
26,9,-3
26,10,-8
26,11,50
26,12,-7
26,13,4
26,14,-9
26,15,-1
26,16,2
26,17,50
26,18,50
26,19,1
26,20,1
26,21,4
26,22,50
26,23,3
26,24,-10
26,25,-9
27,1,5
27,2,50
27,3,4
27,4,6
27,5,-10
27,6,-1
27,7,-9
27,8,50
27,9,-3
27,10,-9
27,11,50
27,12,50
27,13,50
27,14,50
27,15,4
27,16,-10
27,17,6
27,18,50
27,19,-9
27,20,-9
27,21,-10
27,22,-10
27,23,1
27,24,-5
27,25,1
27,26,3
28,1,10
28,2,-4
28,3,8
28,4,5
28,5,10
28,6,-2
28,7,9
28,8,-1
28,9,0
28,10,1
28,11,-4
28,12,50
28,13,5
28,14,-3
28,15,-1
28,16,0
28,17,-8
28,18,10
28,19,6
28,20,6
28,21,-5
28,22,8
28,23,1
28,24,-8
28,25,8
28,26,7
28,27,-7
29,1,-6
29,2,-3
29,3,7
29,4,-1
29,5,5
29,6,-8
29,7,-2
29,8,-7
29,9,-1
29,10,50
29,11,-3
29,12,8
29,13,-2
29,14,-9
29,15,-8
29,16,-7
29,17,0
29,18,-9
29,19,-5
29,20,-5
29,21,-1
29,22,8
29,23,50
29,24,50
29,25,7
29,26,-9
29,27,-3
29,28,50
30,1,-10
30,2,0
30,3,50
30,4,8
30,5,3
30,6,50
30,7,10
30,8,1
30,9,50
30,10,5
30,11,50
30,12,-5
30,13,-4
30,14,-10
30,15,3
30,16,9
30,17,6
30,18,7
30,19,9
30,20,-2
30,21,-4
30,22,-1
30,23,-3
30,24,0
30,25,6
30,26,-7
30,27,4
30,28,4
30,29,-9
31,1,50
31,2,-2
31,3,-7
31,4,-5
31,5,3
31,6,3
31,7,7
31,8,7
31,9,0
31,10,10
31,11,-4
31,12,-2
31,13,-9
31,14,3
31,15,8
31,16,50
31,17,10
31,18,-1
31,19,3
31,20,-7
31,21,-10
31,22,-10
31,23,50
31,24,-7
31,25,-1
31,26,8
31,27,10
31,28,-1
31,29,3
31,30,10
32,1,10
32,2,-9
32,3,2
32,4,5
32,5,-5
32,6,50
32,7,-7
32,8,-5
32,9,2
32,10,-2
32,11,50
32,12,-1
32,13,-10
32,14,8
32,15,0
32,16,-9
32,17,0
32,18,-9
32,19,50
32,20,8
32,21,10
32,22,5
32,23,8
32,24,-5
32,25,-8
32,26,-2
32,27,50
32,28,-2
32,29,6
32,30,8
32,31,-8
33,1,-3
33,2,2
33,3,-10
33,4,0
33,5,-2
33,6,8
33,7,50
33,8,3
33,9,-6
33,10,50
33,11,4
33,12,50
33,13,-4
33,14,1
33,15,2
33,16,1
33,17,-6
33,18,-8
33,19,2
33,20,-2
33,21,-8
33,22,9
33,23,-1
33,24,-5
33,25,-1
33,26,50
33,27,50
33,28,-4
33,29,-4
33,30,9
33,31,8
33,32,9
34,1,4
34,2,-8
34,3,50
34,4,-8
34,5,-1
34,6,-2
34,7,2
34,8,50
34,9,4
34,10,-9
34,11,-5
34,12,9
34,13,9
34,14,-4
34,15,-10
34,16,8
34,17,50
34,18,9
34,19,4
34,20,2
34,21,-2
34,22,5
34,23,-8
34,24,3
34,25,-10
34,26,-1
34,27,-1
34,28,0
34,29,-2
34,30,7
34,31,0
34,32,-3
34,33,0
35,1,-3
35,2,-8
35,3,-9
35,4,5
35,5,-4
35,6,8
35,7,-1
35,8,7
35,9,10
35,10,8
35,11,-4
35,12,2
35,13,-7
35,14,1
35,15,2
35,16,-8
35,17,-2
35,18,5
35,19,-5
35,20,50
35,21,3
35,22,7
35,23,-8
35,24,4
35,25,10
35,26,50
35,27,2
35,28,-6
35,29,-10
35,30,-8
35,31,2
35,32,-1
35,33,-1
35,34,7
36,1,50
36,2,9
36,3,-3
36,4,-8
36,5,50
36,6,7
36,7,-5
36,8,0
36,9,2
36,10,6
36,11,-2
36,12,-7
36,13,10
36,14,-9
36,15,-3
36,16,-5
36,17,-2
36,18,-6
36,19,-9
36,20,9
36,21,2
36,22,5
36,23,-2
36,24,50
36,25,-6
36,26,-1
36,27,-3
36,28,7
36,29,-9
36,30,6
36,31,6
36,32,-6
36,33,-3
36,34,-7
36,35,50
37,1,-2
37,2,10
37,3,9
37,4,1
37,5,5
37,6,-8
37,7,50
37,8,-6
37,9,-10
37,10,0
37,11,-6
37,12,7
37,13,50
37,14,0
37,15,-7
37,16,6
37,17,9
37,18,5
37,19,9
37,20,8
37,21,-1
37,22,6
37,23,3
37,24,8
37,25,-10
37,26,0
37,27,6
37,28,50
37,29,7
37,30,10
37,31,5
37,32,6
37,33,-10
37,34,7
37,35,8
37,36,-6
38,1,6
38,2,-3
38,3,4
38,4,50
38,5,-7
38,6,-3
38,7,-7
38,8,1
38,9,-7
38,10,-3
38,11,-7
38,12,6
38,13,6
38,14,50
38,15,50
38,16,50
38,17,10
38,18,9
38,19,1
38,20,6
38,21,-4
38,22,-8
38,23,-4
38,24,2
38,25,-7
38,26,-3
38,27,9
38,28,7
38,29,50
38,30,-3
38,31,8
38,32,-10
38,33,-4
38,34,7
38,35,10
38,36,8
38,37,-9
39,1,0
39,2,1
39,3,6
39,4,-3
39,5,4
39,6,-7
39,7,-2
39,8,10
39,9,50
39,10,4
39,11,5
39,12,-6
39,13,-2
39,14,-6
39,15,4
39,16,-5
39,17,2
39,18,50
39,19,-8
39,20,0
39,21,5
39,22,1
39,23,50
39,24,8
39,25,-6
39,26,6
39,27,3
39,28,-1
39,29,-9
39,30,6
39,31,-3
39,32,3
39,33,10
39,34,8
39,35,10
39,36,50
39,37,-6
39,38,-4
40,1,1
40,2,4
40,3,10
40,4,1
40,5,-1
40,6,3
40,7,9
40,8,50
40,9,9
40,10,-9
40,11,-3
40,12,-8
40,13,0
40,14,-1
40,15,-9
40,16,8
40,17,7
40,18,7
40,19,9
40,20,0
40,21,6
40,22,-7
40,23,-4
40,24,-9
40,25,6
40,26,8
40,27,-10
40,28,-3
40,29,4
40,30,-7
40,31,-9
40,32,10
40,33,8
40,34,-5
40,35,-7
40,36,-8
40,37,4
40,38,50
40,39,-2
41,1,2
41,2,3
41,3,-6
41,4,-9
41,5,9
41,6,50
41,7,2
41,8,2
41,9,-1
41,10,-10
41,11,7
41,12,50
41,13,2
41,14,10
41,15,-8
41,16,6
41,17,10
41,18,1
41,19,-3
41,20,2
41,21,-7
41,22,-7
41,23,50
41,24,1
41,25,-2
41,26,-5
41,27,-9
41,28,-9
41,29,3
41,30,7
41,31,50
41,32,-7
41,33,10
41,34,50
41,35,-2
41,36,6
41,37,9
41,38,3
41,39,5
41,40,-6
42,1,-9
42,2,0
42,3,9
42,4,4
42,5,7
42,6,8
42,7,3
42,8,5
42,9,0
42,10,-9
42,11,0
42,12,-3
42,13,-5
42,14,50
42,15,50
42,16,7
42,17,10
42,18,2
42,19,50
42,20,-7
42,21,-1
42,22,6
42,23,10
42,24,3
42,25,3
42,26,-10
42,27,-10
42,28,-1
42,29,-9
42,30,-7
42,31,0
42,32,1
42,33,-3
42,34,-8
42,35,2
42,36,-1
42,37,6
42,38,-10
42,39,1
42,40,2
42,41,-3
43,1,-7
43,2,1
43,3,50
43,4,-9
43,5,-9
43,6,-9
43,7,7
43,8,-8
43,9,10
43,10,8
43,11,-10
43,12,-4
43,13,50
43,14,50
43,15,5
43,16,50
43,17,-5
43,18,-9
43,19,3
43,20,6
43,21,2
43,22,-1
43,23,-3
43,24,4
43,25,-3
43,26,-9
43,27,-6
43,28,-5
43,29,1
43,30,-3
43,31,50
43,32,-7
43,33,1
43,34,-10
43,35,-10
43,36,2
43,37,-5
43,38,-4
43,39,3
43,40,-10
43,41,9
43,42,1
44,1,0
44,2,-5
44,3,-10
44,4,3
44,5,3
44,6,-1
44,7,-10
44,8,-10
44,9,50
44,10,-7
44,11,-8
44,12,5
44,13,-6
44,14,50
44,15,-1
44,16,6
44,17,-2
44,18,8
44,19,-5
44,20,-6
44,21,4
44,22,-4
44,23,50
44,24,-3
44,25,9
44,26,4
44,27,-2
44,28,10
44,29,-4
44,30,10
44,31,-10
44,32,4
44,33,50
44,34,7
44,35,1
44,36,-5
44,37,9
44,38,9
44,39,5
44,40,5
44,41,-5
44,42,0
44,43,-5
45,1,-1
45,2,50
45,3,5
45,4,0
45,5,-2
45,6,9
45,7,7
45,8,2
45,9,-1
45,10,-1
45,11,4
45,12,0
45,13,4
45,14,50
45,15,10
45,16,50
45,17,-2
45,18,-2
45,19,-1
45,20,9
45,21,9
45,22,4
45,23,3
45,24,-1
45,25,10
45,26,-10
45,27,-1
45,28,-1
45,29,-8
45,30,6
45,31,8
45,32,1
45,33,10
45,34,-6
45,35,-6
45,36,-3
45,37,50
45,38,7
45,39,9
45,40,50
45,41,-9
45,42,3
45,43,10
45,44,50
46,1,8
46,2,3
46,3,-1
46,4,-10
46,5,-2
46,6,10
46,7,-5
46,8,50
46,9,7
46,10,50
46,11,0
46,12,-2
46,13,1
46,14,50
46,15,4
46,16,-9
46,17,-3
46,18,2
46,19,-9
46,20,-5
46,21,-8
46,22,50
46,23,3
46,24,-5
46,25,1
46,26,50
46,27,-4
46,28,-6
46,29,-10
46,30,-6
46,31,10
46,32,50
46,33,50
46,34,1
46,35,-1
46,36,9
46,37,1
46,38,-8
46,39,-1
46,40,2
46,41,7
46,42,-9
46,43,50
46,44,-3
46,45,8
47,1,7
47,2,9
47,3,1
47,4,50
47,5,8
47,6,1
47,7,-6
47,8,50
47,9,10
47,10,-6
47,11,50
47,12,-7
47,13,-3
47,14,-4
47,15,-9
47,16,-3
47,17,10
47,18,3
47,19,-9
47,20,0
47,21,6
47,22,-9
47,23,-2
47,24,7
47,25,50
47,26,-10
47,27,-7
47,28,1
47,29,5
47,30,0
47,31,-3
47,32,50
47,33,-5
47,34,1
47,35,50
47,36,4
47,37,4
47,38,50
47,39,7
47,40,1
47,41,-8
47,42,-4
47,43,-2
47,44,-2
47,45,6
47,46,-9
48,1,0
48,2,-6
48,3,-5
48,4,-10
48,5,-6
48,6,-6
48,7,50
48,8,9
48,9,2
48,10,-9
48,11,0
48,12,0
48,13,-5
48,14,-1
48,15,2
48,16,-3
48,17,-7
48,18,-1
48,19,2
48,20,-2
48,21,-9
48,22,-10
48,23,8
48,24,10
48,25,3
48,26,7
48,27,10
48,28,-1
48,29,-8
48,30,-6
48,31,1
48,32,6
48,33,50
48,34,-4
48,35,50
48,36,0
48,37,-3
48,38,-9
48,39,4
48,40,50
48,41,4
48,42,-2
48,43,-5
48,44,10
48,45,10
48,46,7
48,47,-9
49,1,-1
49,2,9
49,3,-8
49,4,-6
49,5,7
49,6,-7
49,7,50
49,8,-10
49,9,-9
49,10,9
49,11,6
49,12,7
49,13,-7
49,14,-3
49,15,-9
49,16,6
49,17,-7
49,18,1
49,19,0
49,20,5
49,21,3
49,22,-3
49,23,2
49,24,6
49,25,2
49,26,-2
49,27,7
49,28,-8
49,29,4
49,30,-5
49,31,-6
49,32,-4
49,33,50
49,34,8
49,35,-9
49,36,-7
49,37,-1
49,38,8
49,39,6
49,40,50
49,41,4
49,42,-9
49,43,10
49,44,9
49,45,8
49,46,-9
49,47,-6
49,48,-3
50,1,1
50,2,50
50,3,-3
50,4,8
50,5,2
50,6,-3
50,7,-5
50,8,-3
50,9,-4
50,10,6
50,11,-8
50,12,7
50,13,-2
50,14,-5
50,15,-2
50,16,50
50,17,-2
50,18,3
50,19,7
50,20,50
50,21,-2
50,22,-9
50,23,-8
50,24,-8
50,25,-8
50,26,-6
50,27,-9
50,28,-10
50,29,10
50,30,1
50,31,-3
50,32,50
50,33,-5
50,34,-4
50,35,1
50,36,-9
50,37,1
50,38,50
50,39,5
50,40,50
50,41,-8
50,42,2
50,43,-10
50,44,5
50,45,1
50,46,-3
50,47,2
50,48,-5
50,49,6
