2,1,5
3,1,8
3,2,6
4,1,5
4,2,-9
4,3,50
5,1,-7
5,2,50
5,3,-3
5,4,0
6,1,9
6,2,0
6,3,-10
6,4,2
6,5,4
7,1,-4
7,2,-4
7,3,-1
7,4,8
7,5,-5
7,6,9
8,1,50
8,2,-7
8,3,3
8,4,10
8,5,7
8,6,7
8,7,-4
9,1,8
9,2,9
9,3,5
9,4,50
9,5,-1
9,6,-1
9,7,-10
9,8,-9
10,1,5
10,2,-1
10,3,1
10,4,3
10,5,8
10,6,9
10,7,50
10,8,-8
10,9,2
11,1,50
11,2,8
11,3,-9
11,4,3
11,5,7
11,6,2
11,7,4
11,8,5
11,9,1
11,10,50
12,1,-6
12,2,-2
12,3,-1
12,4,4
12,5,-9
12,6,4
12,7,-10
12,8,8
12,9,-8
12,10,9
12,11,2
13,1,-4
13,2,-8
13,3,50
13,4,7
13,5,-4
13,6,-1
13,7,5
13,8,2
13,9,-8
13,10,-7
13,11,-7
13,12,6
14,1,10
14,2,2
14,3,8
14,4,-10
14,5,4
14,6,9
14,7,8
14,8,9
14,9,-9
14,10,50
14,11,-9
14,12,6
14,13,-10
15,1,10
15,2,1
15,3,2
15,4,50
15,5,2
15,6,-2
15,7,50
15,8,3
15,9,50
15,10,4
15,11,-9
15,12,-2
15,13,50
15,14,-5
16,1,-6
16,2,6
16,3,-5
16,4,8
16,5,-6
16,6,9
16,7,-9
16,8,2
16,9,9
16,10,7
16,11,8
16,12,0
16,13,0
16,14,8
16,15,4
17,1,-2
17,2,1
17,3,-8
17,4,8
17,5,2
17,6,2
17,7,3
17,8,7
17,9,0
17,10,50
17,11,0
17,12,-4
17,13,-3
17,14,50
17,15,6
17,16,50
18,1,10
18,2,1
18,3,50
18,4,-3
18,5,-10
18,6,-2
18,7,50
18,8,-6
18,9,4
18,10,-10
18,11,1
18,12,10
18,13,-5
18,14,-6
18,15,50
18,16,8
18,17,-7
19,1,9
19,2,-2
19,3,50
19,4,-10
19,5,6
19,6,50
19,7,50
19,8,50
19,9,10
19,10,5
19,11,-10
19,12,2
19,13,4
19,14,-3
19,15,-5
19,16,50
19,17,-2
19,18,10
20,1,1
20,2,-7
20,3,-5
20,4,50
20,5,9
20,6,2
20,7,50
20,8,7
20,9,-10
20,10,50
20,11,6
20,12,-2
20,13,0
20,14,50
20,15,50
20,16,-9
20,17,6
20,18,50
20,19,50
21,1,-10
21,2,0
21,3,9
21,4,0
21,5,9
21,6,8
21,7,4
21,8,5
21,9,9
21,10,50
21,11,50
21,12,1
21,13,-10
21,14,7
21,15,10
21,16,-1
21,17,7
21,18,-2
21,19,-6
21,20,6
22,1,3
22,2,-4
22,3,4
22,4,7
22,5,2
22,6,9
22,7,8
22,8,0
22,9,6
22,10,8
22,11,-4
22,12,-7
22,13,-4
22,14,10
22,15,1
22,16,-9
22,17,50
22,18,-2
22,19,8
22,20,0
22,21,-3
23,1,-1
23,2,5
23,3,10
23,4,3
23,5,3
23,6,3
23,7,8
23,8,50
23,9,-9
23,10,50
23,11,-3
23,12,50
23,13,50
23,14,50
23,15,50
23,16,50
23,17,-4
23,18,0
23,19,50
23,20,-7
23,21,-1
23,22,-10
24,1,2
24,2,-6
24,3,-4
24,4,50
24,5,1
24,6,7
24,7,10
24,8,50
24,9,-6
24,10,-10
24,11,4
24,12,-5
24,13,10
24,14,0
24,15,2
24,16,-1
24,17,-3
24,18,7
24,19,9
24,20,0
24,21,6
24,22,0
24,23,50
25,1,4
25,2,-9
25,3,9
25,4,-2
25,5,-9
25,6,8
25,7,-10
25,8,50
25,9,-9
25,10,-8
25,11,-9
25,12,4
25,13,6
25,14,-4
25,15,-7
25,16,1
25,17,9
25,18,-3
25,19,50
25,20,4
25,21,0
25,22,6
25,23,-3
25,24,-3
26,1,50
26,2,7
26,3,-9
26,4,-7
26,5,0
26,6,0
26,7,-2
26,8,10
26,9,-6
26,10,6
26,11,-9
26,12,50
26,13,-6
26,14,-7
26,15,-9
26,16,10
26,17,50
26,18,-9
26,19,50
26,20,-10
26,21,8
26,22,50
26,23,0
26,24,8
26,25,4
27,1,7
27,2,10
27,3,2
27,4,7
27,5,6
27,6,7
27,7,6
27,8,50
27,9,-6
27,10,50
27,11,50
27,12,50
27,13,6
27,14,6
27,15,-1
27,16,-4
27,17,-7
27,18,10
27,19,3
27,20,50
27,21,5
27,22,6
27,23,8
27,24,50
27,25,-4
27,26,50
28,1,4
28,2,9
28,3,-5
28,4,8
28,5,50
28,6,4
28,7,50
28,8,9
28,9,-7
28,10,0
28,11,-2
28,12,3
28,13,-8
28,14,-10
28,15,-6
28,16,3
28,17,2
28,18,10
28,19,-9
28,20,-10
28,21,9
28,22,-10
28,23,-7
28,24,0
28,25,-7
28,26,-5
28,27,7
29,1,-6
29,2,9
29,3,-4
29,4,50
29,5,-8
29,6,6
29,7,0
29,8,3
29,9,50
29,10,-4
29,11,5
29,12,-1
29,13,-9
29,14,-2
29,15,-10
29,16,2
29,17,-8
29,18,-3
29,19,3
29,20,50
29,21,50
29,22,1
29,23,-8
29,24,-7
29,25,-5
29,26,-10
29,27,-1
29,28,4
30,1,6
30,2,-9
30,3,9
30,4,-3
30,5,6
30,6,1
30,7,6
30,8,-7
30,9,50
30,10,7
30,11,9
30,12,-2
30,13,-1
30,14,-9
30,15,3
30,16,-6
30,17,6
30,18,9
30,19,-6
30,20,3
30,21,-10
30,22,4
30,23,-2
30,24,6
30,25,-9
30,26,2
30,27,7
30,28,8
30,29,50
31,1,-7
31,2,6
31,3,50
31,4,-10
31,5,10
31,6,-8
31,7,4
31,8,-3
31,9,1
31,10,3
31,11,-2
31,12,10
31,13,8
31,14,-6
31,15,50
31,16,4
31,17,-5
31,18,9
31,19,8
31,20,5
31,21,-5
31,22,10
31,23,-3
31,24,-8
31,25,8
31,26,5
31,27,7
31,28,-7
31,29,0
31,30,-9
32,1,-3
32,2,50
32,3,2
32,4,-5
32,5,-10
32,6,50
32,7,-5
32,8,0
32,9,6
32,10,-10
32,11,4
32,12,-9
32,13,-8
32,14,4
32,15,-10
32,16,-6
32,17,10
32,18,1
32,19,50
32,20,-2
32,21,7
32,22,-10
32,23,-1
32,24,8
32,25,50
32,26,-5
32,27,50
32,28,10
32,29,-4
32,30,6
32,31,8
33,1,0
33,2,-5
33,3,-2
33,4,3
33,5,4
33,6,-5
33,7,-2
33,8,-9
33,9,-5
33,10,7
33,11,50
33,12,6
33,13,-10
33,14,50
33,15,-1
33,16,-2
33,17,-6
33,18,10
33,19,-1
33,20,7
33,21,4
33,22,10
33,23,-7
33,24,0
33,25,1
33,26,-4
33,27,10
33,28,6
33,29,-7
33,30,9
33,31,4
33,32,-9
34,1,-4
34,2,0
34,3,50
34,4,2
34,5,-4
34,6,50
34,7,7
34,8,-7
34,9,4
34,10,4
34,11,10
34,12,10
34,13,6
34,14,-1
34,15,0
34,16,-3
34,17,-8
34,18,9
34,19,-8
34,20,-6
34,21,1
34,22,50
34,23,-4
34,24,7
34,25,-3
34,26,-5
34,27,3
34,28,50
34,29,-3
34,30,50
34,31,1
34,32,-8
34,33,5
35,1,10
35,2,8
35,3,-1
35,4,50
35,5,10
35,6,-8
35,7,6
35,8,-9
35,9,5
35,10,-1
35,11,3
35,12,7
35,13,-8
35,14,4
35,15,10
35,16,-6
35,17,7
35,18,9
35,19,50
35,20,0
35,21,-10
35,22,8
35,23,9
35,24,5
35,25,9
35,26,-6
35,27,5
35,28,-8
35,29,-9
35,30,3
35,31,50
35,32,8
35,33,50
35,34,50
36,1,4
36,2,9
36,3,5
36,4,-6
36,5,50
36,6,5
36,7,4
36,8,7
36,9,50
36,10,8
36,11,-10
36,12,50
36,13,50
36,14,-7
36,15,9
36,16,-8
36,17,-3
36,18,8
36,19,-9
36,20,-9
36,21,9
36,22,4
36,23,7
36,24,50
36,25,5
36,26,-8
36,27,4
36,28,-2
36,29,-8
36,30,-2
36,31,1
36,32,-2
36,33,50
36,34,-6
36,35,-1
37,1,-1
37,2,-10
37,3,2
37,4,-3
37,5,-3
37,6,4
37,7,2
37,8,8
37,9,-2
37,10,50
37,11,7
37,12,4
37,13,10
37,14,7
37,15,10
37,16,50
37,17,6
37,18,-4
37,19,4
37,20,-4
37,21,-10
37,22,50
37,23,-3
37,24,9
37,25,1
37,26,1
37,27,-4
37,28,-9
37,29,50
37,30,4
37,31,-5
37,32,-6
37,33,-5
37,34,1
37,35,0
37,36,50
38,1,50
38,2,50
38,3,-6
38,4,-9
38,5,-10
38,6,8
38,7,-3
38,8,0
38,9,9
38,10,-5
38,11,-7
38,12,8
38,13,-3
38,14,-5
38,15,-1
38,16,1
38,17,-6
38,18,-4
38,19,-10
38,20,50
38,21,50
38,22,5
38,23,50
38,24,3
38,25,-2
38,26,6
38,27,8
38,28,10
38,29,-10
38,30,50
38,31,1
38,32,1
38,33,-4
38,34,9
38,35,50
38,36,50
38,37,-3
39,1,-3
39,2,-9
39,3,-1
39,4,50
39,5,-2
39,6,4
39,7,-5
39,8,-3
39,9,5
39,10,1
39,11,-10
39,12,-4
39,13,-3
39,14,9
39,15,4
39,16,-9
39,17,6
39,18,-1
39,19,-4
39,20,-8
39,21,-6
39,22,4
39,23,50
39,24,-2
39,25,-9
39,26,-7
39,27,6
39,28,3
39,29,-10
39,30,-5
39,31,-10
39,32,-6
39,33,-10
39,34,-10
39,35,5
39,36,-2
39,37,-9
39,38,-3
40,1,1
40,2,2
40,3,1
40,4,7
40,5,-2
40,6,-1
40,7,9
40,8,2
40,9,-3
40,10,-8
40,11,1
40,12,-2
40,13,-7
40,14,5
40,15,-1
40,16,-2
40,17,-10
40,18,50
40,19,7
40,20,8
40,21,10
40,22,50
40,23,-4
40,24,-10
40,25,-10
40,26,1
40,27,-6
40,28,50
40,29,-4
40,30,-4
40,31,10
40,32,-5
40,33,-3
40,34,-8
40,35,4
40,36,-6
40,37,-10
40,38,-7
40,39,5
41,1,4
41,2,-10
41,3,2
41,4,5
41,5,-1
41,6,6
41,7,50
41,8,7
41,9,-1
41,10,-6
41,11,-10
41,12,50
41,13,4
41,14,2
41,15,-10
41,16,-4
41,17,9
41,18,7
41,19,-4
41,20,-1
41,21,7
41,22,4
41,23,6
41,24,4
41,25,7
41,26,8
41,27,50
41,28,-4
41,29,-9
41,30,8
41,31,-5
41,32,-1
41,33,-5
41,34,10
41,35,-6
41,36,0
41,37,-1
41,38,50
41,39,1
41,40,-3
42,1,50
42,2,50
42,3,-7
42,4,-6
42,5,-9
42,6,5
42,7,3
42,8,6
42,9,-2
42,10,-3
42,11,7
42,12,50
42,13,8
42,14,50
42,15,8
42,16,4
42,17,10
42,18,7
42,19,7
42,20,8
42,21,5
42,22,9
42,23,-9
42,24,50
42,25,-5
42,26,-1
42,27,-10
42,28,7
42,29,-6
42,30,-6
42,31,0
42,32,4
42,33,50
42,34,-1
42,35,3
42,36,-10
42,37,7
42,38,8
42,39,6
42,40,1
42,41,-6
43,1,6
43,2,50
43,3,-2
43,4,8
43,5,6
43,6,2
43,7,2
43,8,50
43,9,-6
43,10,-1
43,11,0
43,12,2
43,13,0
43,14,10
43,15,-1
43,16,4
43,17,-9
43,18,10
43,19,10
43,20,10
43,21,9
43,22,5
43,23,2
43,24,7
43,25,2
43,26,-6
43,27,-2
43,28,1
43,29,50
43,30,-10
43,31,2
43,32,1
43,33,-3
43,34,8
43,35,5
43,36,-10
43,37,1
43,38,4
43,39,-6
43,40,-5
43,41,-2
43,42,-9
44,1,-2
44,2,-5
44,3,5
44,4,-5
44,5,-9
44,6,0
44,7,4
44,8,50
44,9,9
44,10,-3
44,11,50
44,12,10
44,13,8
44,14,8
44,15,2
44,16,50
44,17,-1
44,18,3
44,19,-6
44,20,10
44,21,8
44,22,-1
44,23,50
44,24,-4
44,25,-9
44,26,50
44,27,3
44,28,-7
44,29,9
44,30,-9
44,31,-1
44,32,-3
44,33,-8
44,34,-8
44,35,-8
44,36,50
44,37,50
44,38,-2
44,39,-1
44,40,50
44,41,50
44,42,-5
44,43,6
45,1,-10
45,2,6
45,3,-2
45,4,8
45,5,6
45,6,50
45,7,9
45,8,10
45,9,-9
45,10,-3
45,11,50
45,12,-8
45,13,-1
45,14,-6
45,15,-1
45,16,50
45,17,50
45,18,10
45,19,3
45,20,1
45,21,-2
45,22,50
45,23,-1
45,24,50
45,25,-10
45,26,3
45,27,5
45,28,-8
45,29,50
45,30,-2
45,31,50
45,32,-1
45,33,3
45,34,0
45,35,8
45,36,6
45,37,7
45,38,8
45,39,-7
45,40,4
45,41,50
45,42,0
45,43,1
45,44,50
46,1,-2
46,2,0
46,3,-6
46,4,-1
46,5,-6
46,6,50
46,7,-10
46,8,-6
46,9,-9
46,10,50
46,11,5
46,12,8
46,13,50
46,14,-7
46,15,10
46,16,-8
46,17,0
46,18,-8
46,19,-6
46,20,7
46,21,8
46,22,50
46,23,50
46,24,9
46,25,-3
46,26,7
46,27,7
46,28,-10
46,29,7
46,30,1
46,31,50
46,32,1
46,33,-5
46,34,-5
46,35,8
46,36,6
46,37,-6
46,38,-10
46,39,-10
46,40,6
46,41,2
46,42,-4
46,43,-9
46,44,50
46,45,-5
47,1,-4
47,2,-6
47,3,50
47,4,4
47,5,10
47,6,-9
47,7,8
47,8,-3
47,9,-7
47,10,5
47,11,-7
47,12,0
47,13,-10
47,14,3
47,15,-4
47,16,6
47,17,50
47,18,10
47,19,-9
47,20,6
47,21,-1
47,22,50
47,23,0
47,24,-5
47,25,-1
47,26,6
47,27,4
47,28,3
47,29,4
47,30,-10
47,31,-2
47,32,-4
47,33,7
47,34,4
47,35,2
47,36,-8
47,37,-6
47,38,-3
47,39,1
47,40,3
47,41,10
47,42,5
47,43,4
47,44,50
47,45,-7
47,46,4
48,1,9
48,2,3
48,3,7
48,4,50
48,5,5
48,6,-9
48,7,-8
48,8,-9
48,9,5
48,10,-7
48,11,-5
48,12,50
48,13,-4
48,14,10
48,15,0
48,16,50
48,17,-3
48,18,0
48,19,9
48,20,8
48,21,4
48,22,10
48,23,50
48,24,-2
48,25,-3
48,26,9
48,27,50
48,28,10
48,29,8
48,30,-9
48,31,1
48,32,7
48,33,3
48,34,-2
48,35,-1
48,36,-5
48,37,-3
48,38,50
48,39,8
48,40,-6
48,41,3
48,42,4
48,43,7
48,44,-4
48,45,5
48,46,-9
48,47,3
49,1,7
49,2,-4
49,3,50
49,4,0
49,5,2
49,6,2
49,7,1
49,8,50
49,9,-4
49,10,7
49,11,-6
49,12,8
49,13,7
49,14,-7
49,15,-6
49,16,3
49,17,5
49,18,6
49,19,-5
49,20,4
49,21,4
49,22,1
49,23,50
49,24,-3
49,25,3
49,26,-2
49,27,-5
49,28,1
49,29,5
49,30,7
49,31,50
49,32,-1
49,33,1
49,34,2
49,35,-3
49,36,50
49,37,-10
49,38,50
49,39,9
49,40,-2
49,41,9
49,42,0
49,43,3
49,44,-3
49,45,-1
49,46,7
49,47,8
49,48,-3
50,1,50
50,2,0
50,3,-1
50,4,-5
50,5,50
50,6,-2
50,7,2
50,8,4
50,9,-2
50,10,10
50,11,8
50,12,-7
50,13,-3
50,14,3
50,15,-1
50,16,7
50,17,50
50,18,5
50,19,9
50,20,7
50,21,50
50,22,-3
50,23,-2
50,24,5
50,25,8
50,26,7
50,27,50
50,28,2
50,29,-10
50,30,50
50,31,7
50,32,-2
50,33,4
50,34,-3
50,35,-6
50,36,-1
50,37,5
50,38,8
50,39,8
50,40,7
50,41,-1
50,42,50
50,43,50
50,44,2
50,45,-5
50,46,50
50,47,-4
50,48,1
50,49,4
